43,0
42,4
42,3
42,2
42,1
42,0
41,3
41,2
41,1
41,0
40,4
40,3
40,2
40,1
40,0
39,4
39,3
39,2
39,1
39,0
38,4
38,3
38,2
38,1
38,0
37,3
37,2
37,1
37,0
24,4
24,3
24,2
24,1
24,0
23,4
23,3
23,2
23,1
23,0
22,4
22,3
22,2
22,1
22,0
21,5
21,4
21,3
21,2
21,1
21,0
19,4
19,3
19,2
19,1
19,0
17,4
17,3
17,2
17,1
17,0
15,3
15,2
15,1
15,0
14,4
14,3
14,2
14,1
14,0
13,3
13,2
13,1
13,0
12,4
12,3
12,2
12,1
12,0
11,4
11,3
11,2
11,1
11,0
10,18
10,17
10,16
10,15
10,14
10,13
10,12
10,11
10,10
10,9
10,8
10,7
10,6
10,5
10,4
10,3
10,2
10,1
10,0
4,3
2,3
1,3
0,410
0,324
0,243
0,9
0,0
0,1
0,423
0,300
0,422
0,299
0,421
0,298
0,420
0,297
0,419
0,296
0,418
0,295
0,417
0,294
0,416
0,293
0,435
0,292
0,434
0,291
0,415
0,290
0,414
0,289
0,433
0,288
0,413
0,287
0,412
0,286
0,411
0,285
0,409
0,284
0,408
0,283
0,407
0,282
0,406
0,281
0,405
0,280
0,404
0,279
0,403
0,278
0,402
0,277
0,401
0,276
0,400
0,275
0,432
0,274
0,431
0,273
0,399
0,272
0,398
0,271
0,430
0,270
43,1
43,2
43,4
44,0
44,2
44,3
45,0
45,2
45,3
45,6
46,0
46,2
46,4
47,0
47,2
47,3
48,0
48,1
48,3
48,4
48,2
47,4
47,1
46,3
46,1
45,4
45,1
44,4
44,1
43,3
0,397
0,269
0,429
0,268
0,428
0,267
0,396
0,266
0,395
0,265
0,394
0,264
0,393
0,263
0,392
0,262
0,391
0,261
0,390
0,260
0,389
0,259
0,388
0,258
0,427
0,257
0,387
0,256
0,426
0,255
0,425
0,254
0,386
0,253
0,385
0,252
0,384
0,251
0,383
0,250
0,382
0,249
0,381
0,248
0,380
0,247
0,379
0,246
0,378
0,245
0,377
0,244
0,376
0,242
0,375
0,241
0,374
0,240
0,373
0,239
0,372
0,238
0,371
0,237
0,370
0,236
0,369
0,235
0,368
0,234
0,367
0,233
0,366
0,232
0,365
0,231
0,364
0,230
0,363
0,229
0,362
0,228
0,361
0,227
0,360
0,226
0,359
0,225
0,358
0,224
0,357
0,223
0,356
0,222
0,355
0,221
0,354
0,220
0,353
0,219
0,352
0,218
0,351
0,217
0,350
0,216
0,349
0,215
0,348
0,214
0,347
0,213
0,346
0,212
0,345
0,211
0,344
0,210
0,343
0,209
0,342
0,208
0,341
0,207
0,340
0,206
0,339
0,205
0,338
0,204
0,337
0,203
0,336
0,202
0,335
0,201
0,334
0,200
0,333
0,199
0,332
0,198
0,331
0,197
0,330
0,196
0,329
0,195
0,328
0,194
0,327
0,193
0,326
0,192
0,325
0,63
0,323
0,62
0,322
0,61
0,321
0,60
0,320
0,59
0,319
0,58
0,318
0,57
0,317
0,56
0,316
0,55
0,315
0,54
0,314
0,53
0,424
0,52
0,313
0,51
0,312
0,50
0,311
0,49
0,310
0,48
0,309
0,47
0,308
0,46
0,307
0,45
0,301
0,6
0,5
0,304
0,303
0,306
0,305
0,302
0,12
0,10
0,8
0,11
0,4
0,2
0,3
0,7
